Problem 1:
x = linspace(-1,1,50); plot(x,sin(x)); title('Sin(x) on [-1,1]')
diary off

Problem 2:
A = eye(20,20);
A(1,1:end-1)=1;
A(1:end,1)=1;
A(end,1:end)=1;
B = zeros(20,1);
B(1,1)=17;
A

A =

  Columns 1 through 9

     1     1     1     1     1     1     1     1     1
     1     1     0     0     0     0     0     0     0
     1     0     1     0     0     0     0     0     0
     1     0     0     1     0     0     0     0     0
     1     0     0     0     1     0     0     0     0
     1     0     0     0     0     1     0     0     0
     1     0     0     0     0     0     1     0     0
     1     0     0     0     0     0     0     1     0
     1     0     0     0     0     0     0     0     1
     1     0     0     0     0     0     0     0     0
     1     0     0     0     0     0     0     0     0
     1     0     0     0     0     0     0     0     0
     1     0     0     0     0     0     0     0     0
     1     0     0     0     0     0     0     0     0
     1     0     0     0     0     0     0     0     0
     1     0     0     0     0     0     0     0     0
     1     0     0     0     0     0     0     0     0
     1     0     0     0     0     0     0     0     0
     1     0     0     0     0     0     0     0     0
     1     1     1     1     1     1     1     1     1

  Columns 10 through 18

     1     1     1     1     1     1     1     1     1
     0     0     0     0     0     0     0     0     0
     0     0     0     0     0     0     0     0     0
     0     0     0     0     0     0     0     0     0
     0     0     0     0     0     0     0     0     0
     0     0     0     0     0     0     0     0     0
     0     0     0     0     0     0     0     0     0
     0     0     0     0     0     0     0     0     0
     0     0     0     0     0     0     0     0     0
     1     0     0     0     0     0     0     0     0
     0     1     0     0     0     0     0     0     0
     0     0     1     0     0     0     0     0     0
     0     0     0     1     0     0     0     0     0
     0     0     0     0     1     0     0     0     0
     0     0     0     0     0     1     0     0     0
     0     0     0     0     0     0     1     0     0
     0     0     0     0     0     0     0     1     0
     0     0     0     0     0     0     0     0     1
     0     0     0     0     0     0     0     0     0
     1     1     1     1     1     1     1     1     1

  Columns 19 through 20

     1     0
     0     0
     0     0
     0     0
     0     0
     0     0
     0     0
     0     0
     0     0
     0     0
     0     0
     0     0
     0     0
     0     0
     0     0
     0     0
     0     0
     0     0
     1     0
     1     1

B

B =

    17
     0
     0
     0
     0
     0
     0
     0
     0
     0
     0
     0
     0
     0
     0
     0
     0
     0
     0
     0

x=A\B

x =

   -1.0000
    1.0000
    1.0000
    1.0000
    1.0000
    1.0000
    1.0000
    1.0000
    1.0000
    1.0000
    1.0000
    1.0000
    1.0000
    1.0000
    1.0000
    1.0000
    1.0000
    1.0000
    1.0000
  -17.0000

diary off

Problem 4:
plot(ssolve(10, 0.1, 30)); title('ssolve(10, 0.1, 30)'); print -dps Problem4a
plot(ssolve(2, -0.05, 50)); title('ssolve(2, -0.05, 50)'); print -dps Problem4b
diary off

