A = eye(20,20);
A(1,1:end-1)=1;
A(1:end,1)=1;
A(end,1:end)=1;
B = zeros(20,1);
B(1,1)=17;
A

A =

  Columns 1 through 9

     1     1     1     1     1     1     1     1     1
     1     1     0     0     0     0     0     0     0
     1     0     1     0     0     0     0     0     0
     1     0     0     1     0     0     0     0     0
     1     0     0     0     1     0     0     0     0
     1     0     0     0     0     1     0     0     0
     1     0     0     0     0     0     1     0     0
     1     0     0     0     0     0     0     1     0
     1     0     0     0     0     0     0     0     1
     1     0     0     0     0     0     0     0     0
     1     0     0     0     0     0     0     0     0
     1     0     0     0     0     0     0     0     0
     1     0     0     0     0     0     0     0     0
     1     0     0     0     0     0     0     0     0
     1     0     0     0     0     0     0     0     0
     1     0     0     0     0     0     0     0     0
     1     0     0     0     0     0     0     0     0
     1     0     0     0     0     0     0     0     0
     1     0     0     0     0     0     0     0     0
     1     1     1     1     1     1     1     1     1

  Columns 10 through 18

     1     1     1     1     1     1     1     1     1
     0     0     0     0     0     0     0     0     0
     0     0     0     0     0     0     0     0     0
     0     0     0     0     0     0     0     0     0
     0     0     0     0     0     0     0     0     0
     0     0     0     0     0     0     0     0     0
     0     0     0     0     0     0     0     0     0
     0     0     0     0     0     0     0     0     0
     0     0     0     0     0     0     0     0     0
     1     0     0     0     0     0     0     0     0
     0     1     0     0     0     0     0     0     0
     0     0     1     0     0     0     0     0     0
     0     0     0     1     0     0     0     0     0
     0     0     0     0     1     0     0     0     0
     0     0     0     0     0     1     0     0     0
     0     0     0     0     0     0     1     0     0
     0     0     0     0     0     0     0     1     0
     0     0     0     0     0     0     0     0     1
     0     0     0     0     0     0     0     0     0
     1     1     1     1     1     1     1     1     1

  Columns 19 through 20

     1     0
     0     0
     0     0
     0     0
     0     0
     0     0
     0     0
     0     0
     0     0
     0     0
     0     0
     0     0
     0     0
     0     0
     0     0
     0     0
     0     0
     0     0
     1     0
     1     1

B

B =

    17
     0
     0
     0
     0
     0
     0
     0
     0
     0
     0
     0
     0
     0
     0
     0
     0
     0
     0
     0

x=A\B

x =

   -1.0000
    1.0000
    1.0000
    1.0000
    1.0000
    1.0000
    1.0000
    1.0000
    1.0000
    1.0000
    1.0000
    1.0000
    1.0000
    1.0000
    1.0000
    1.0000
    1.0000
    1.0000
    1.0000
  -17.0000

diary off
